Initial point:
x1: 1.0
x2: 1.0
x3: 15.0
x4: 37.0
x5: 20.0

With alpha = 0.5:
Z: 32.999997
x1: 3.000001
x2: 11.999998
x3: 1e-06
x4: 7e-06
x5: 3.000001

With alpha = 0.9:
Z: 32.999991
x1: 3.000002
x2: 11.999993
x3: 0.0
x4: 0.0
x5: 3.0
